{{-0.2321627199,  0.4162223948, -0.1694007514,  0.4452666300,  0.5532570730, -0.1161708608,  0.4757219408},
{ -0.4924697140,  0.1349976660, -0.5096482769,  0.2732296169, -0.2387591487, -0.1794608326, -0.5618196507},
{  0.1192167369, -0.3076336389, -0.6005051041,  0.1563396216, -0.3782443943,  0.3478067780,  0.4919980669},
{  0.5198116015, -0.3824504936, -0.3975114513,  0.0710042733,  0.5160158114, -0.2694646602, -0.2856344603},
{ -0.1063270773, -0.4553085018,  0.2989764930,  0.4046386000, -0.2642198237, -0.6384109039,  0.2255854387},
{  0.4392241117,  0.1998012484,  0.2537411495,  0.7071735781, -0.1667834372,  0.3294063274, -0.2575992490},
{ -0.4636098068, -0.5660400530,  0.1979110229,  0.1837734383,  0.3604590279,  0.4946113387, -0.1309659111}}

